1 1.42962e-06
3 1.27758e-06
5 4.34544e-07
7 6.99746e-07
9 1.06078e-08
11 6.59414e-07
13 1.04959e-06
15 1.062e-06
17 4.22164e-08
19 2.86683e-08
21 6.61499e-08
23 9.82923e-08
25 5.37644e-08
27 1.99585e-06
29 8.26239e-08
31 1.81798e-07
33 1.53795e-07
35 1.45484e-06
37 1.70971e-07
39 6.01333e-08
41 2.09281e-07
43 1.28333e-06
45 8.95913e-07
47 1.56808e-06
49 2.24364e-07
51 1.86368e-07
53 1.78775e-06
55 4.45047e-07
57 4.22055e-08
59 2.58779e-06
61 1.67115e-07
63 4.23906e-08
65 1.53566e-07
67 3.31014e-06
69 4.42829e-08
71 1.27788e-06
73 7.39241e-07
75 2.77487e-06
77 6.49861e-07
79 7.02518e-07
81 7.83927e-08
83 2.38464e-08
85 8.52945e-08
87 1.56433e-06
89 8.44976e-07
91 1.08918e-06
93 6.70145e-07
95 3.13357e-08
97 2.68928e-06
99 2.63052e-06
101 9.21275e-07
103 9.25036e-07
105 6.08166e-07
107 3.16525e-06
109 1.43064e-06
111 2.42117e-06
113 2.98552e-06
115 2.16031e-06
117 2.03282e-06
119 1.73328e-07
121 9.81078e-08
123 3.09712e-06
125 9.02063e-07
127 1.17635e-06
129 5.42074e-07
131 4.51642e-08
133 5.18256e-07
135 4.72297e-07
137 2.1178e-06
139 7.36307e-07
141 9.81171e-07
143 3.39228e-07
145 1.97079e-08
147 4.01758e-06
149 9.44259e-07
151 1.39444e-07
153 1.65592e-07
155 1.33265e-07
157 1.19233e-06
159 1.38519e-07
161 5.62498e-07
163 4.66218e-07
165 1.2546e-08
167 2.43682e-06
169 6.64949e-07
171 1.36483e-06
173 3.30061e-07
175 4.32153e-07
177 9.13817e-08
179 2.47402e-08
181 9.012e-07
183 1.60492e-07
185 4.0972e-07
187 2.4793e-06
189 1.32787e-06
191 3.6846e-06
193 2.46332e-08
195 4.16239e-07
197 2.63223e-07
199 2.02407e-06
201 2.07541e-07
203 2.73011e-06
205 4.42879e-07
207 1.19517e-08
209 1.22842e-06
211 1.43412e-06
213 2.91439e-07
215 4.29733e-07
217 2.85479e-06
219 8.75345e-07
221 4.65221e-07
223 1.927e-08
225 4.77197e-07
227 1.42752e-07
229 5.34851e-07
231 6.96854e-07
233 5.44838e-07
235 1.18854e-07
237 3.55182e-07
239 2.68692e-06
241 3.34141e-08
243 3.421e-07
245 9.76288e-09
247 6.45751e-07
249 2.73102e-07
251 2.68663e-06
253 9.78631e-08
255 9.49366e-07
257 2.67977e-06
259 2.99745e-07
261 4.61032e-08
263 1.64947e-06
265 9.56151e-08
267 8.94651e-07
269 3.40733e-07
271 2.42263e-07
273 3.4483e-07
275 3.15404e-08
277 4.67558e-07
279 1.13186e-06
281 1.87243e-07
283 8.87862e-07
285 2.41906e-06
287 4.61575e-07
289 1.07446e-07
291 4.00994e-07
293 1.37508e-07
295 2.86043e-06
297 2.16603e-07
299 1.5371e-06
301 2.1869e-06
303 9.90809e-07
305 2.54442e-07
307 3.5506e-06
309 4.35598e-08
311 1.93925e-08
313 1.04629e-06
315 3.42728e-08
317 1.85872e-06
319 2.49019e-08
321 7.40426e-09
323 4.33301e-07
325 1.47802e-06
327 2.22006e-07
329 6.48602e-07
331 1.16654e-08
333 1.55933e-07
335 4.92442e-07
337 4.58309e-08
339 3.66589e-08
341 6.41258e-07
343 1.16601e-06
345 2.87446e-07
347 2.12004e-06
349 1.33432e-06
351 3.1129e-07
353 1.3798e-06
355 1.72922e-07
357 2.20415e-07
359 2.12146e-08
361 1.35015e-06
363 9.2662e-08
365 8.81986e-08
367 1.81841e-06
369 2.82791e-08
371 3.9252e-07
373 4.23042e-07
375 3.10615e-08
377 1.06903e-08
379 6.65801e-07
381 5.68918e-08
383 3.50087e-06
385 6.68387e-07
387 7.75395e-07
389 5.07954e-07
391 8.83598e-07
393 6.30436e-08
395 3.2521e-06
397 1.29616e-06
399 1.42384e-06
401 4.19557e-07
403 6.66325e-08
405 2.48814e-07
407 3.51673e-07
409 7.20658e-07
411 1.34581e-07
413 6.8758e-08
415 6.0323e-07
417 2.50604e-06
419 2.2502e-07
421 1.06972e-08
423 5.35246e-07
425 2.31507e-06
427 1.07513e-06
429 6.3458e-08
431 3.08653e-08
433 4.26167e-07
435 6.33231e-07
437 1.59049e-07
439 1.18617e-06
441 1.8082e-06
443 6.21374e-07
445 1.81594e-07
447 7.93269e-07
449 3.08168e-07
451 3.01691e-07
453 1.07829e-07
455 5.70721e-07
457 6.41016e-07
459 6.44285e-07
461 2.74985e-07
463 1.04817e-06
465 2.32196e-08
467 1.36116e-08
469 3.70694e-07
471 7.41687e-07
473 3.20487e-07
475 1.7388e-07
477 1.27751e-06
479 5.69771e-08
481 1.3564e-07
483 3.63557e-07
485 2.37051e-06
487 4.64123e-07
489 3.58041e-06
491 1.01285e-08
493 1.80791e-07
495 3.69891e-08
497 4.43793e-07
499 1.59825e-06
501 1.46892e-06
503 5.73685e-08
505 2.2247e-08
507 1.96619e-08
509 6.00513e-07
511 3.21674e-06
513 1.70874e-08
515 1.64649e-06
517 1.901e-08
519 4.54518e-07
521 1.34225e-06
523 1.25406e-06
525 6.33487e-07
527 2.76642e-07
529 1.20185e-08
531 6.48739e-07
533 2.55576e-08
535 2.56011e-06
537 3.75121e-08
539 3.31774e-06
541 1.46197e-06
543 1.92988e-07
545 1.0341e-06
547 1.04889e-06
549 6.63066e-07
551 1.98722e-07
553 1.62266e-08
555 3.17374e-06
557 9.64786e-08
559 1.88424e-06
561 6.04321e-07
563 5.4093e-08
565 4.41318e-07
567 4.01653e-08
569 3.86976e-08
571 1.43559e-06
573 1.28964e-08
575 1.92667e-07
577 3.32579e-07
579 2.2829e-06
581 2.87079e-06
583 4.64761e-07
585 3.22503e-07
587 2.41196e-08
589 2.99289e-06
591 1.78606e-06
593 8.5696e-08
595 7.38245e-08
597 2.59075e-06
599 1.23576e-06
601 4.3691e-07
603 6.73645e-08
605 3.2405e-06
607 3.59165e-09
609 3.33823e-07
611 4.67368e-07
613 2.26381e-08
615 3.86326e-07
617 4.60675e-07
619 1.38671e-07
621 1.60057e-07
623 1.76817e-07
625 1.5965e-06
627 2.34306e-08
629 6.63437e-07
631 2.82552e-08
633 1.08755e-06
635 8.18823e-08
637 2.15851e-07
639 6.55646e-07
641 6.59234e-07
643 3.09883e-07
645 1.60673e-06
647 1.11834e-07
649 2.29084e-07
651 1.09827e-07
653 3.57324e-07
655 2.29524e-08
657 2.20758e-07
659 6.7213e-07
661 1.58749e-06
663 1.11139e-06
665 1.24725e-06
667 3.40131e-08
669 2.48559e-08
671 2.60144e-08
673 8.75989e-07
675 1.45635e-07
677 7.58764e-09
679 8.08013e-07
681 1.68288e-07
683 2.32748e-06
685 3.37971e-08
687 2.24987e-06
689 9.51911e-07
691 2.08582e-06
693 4.27099e-08
695 1.04793e-07
697 1.48157e-06
699 1.58756e-06
701 2.44083e-06
703 1.28208e-06
705 4.55759e-08
707 4.38582e-08
709 1.04621e-06
711 3.01958e-06
713 3.8175e-08
715 1.11163e-06
717 2.96312e-08
719 9.1828e-08
721 2.18714e-08
723 4.34528e-07
725 1.13924e-07
727 1.25258e-07
729 2.18699e-06
731 2.53353e-07
733 1.86652e-06
735 1.17999e-06
737 1.7791e-06
739 1.08962e-06
741 1.45506e-06
743 9.38e-07
745 3.21768e-08
747 4.36281e-06
749 8.9294e-08
751 6.03913e-08
753 1.08984e-06
755 9.02518e-07
757 7.63904e-07
759 5.19654e-07
761 6.05647e-07
763 3.97008e-08
765 2.27997e-08
767 4.05236e-08
769 8.39704e-08
771 2.05298e-07
773 3.23734e-07
775 2.05834e-07
777 2.77763e-08
779 3.27784e-08
781 2.69026e-08
783 1.70765e-07
785 7.08398e-07
787 6.31295e-08
789 1.20217e-06
791 3.04198e-06
793 1.40158e-06
795 5.22469e-07
797 1.90587e-07
799 6.84493e-07
801 7.3181e-07
803 9.92162e-07
805 7.42329e-08
807 7.92755e-07
809 6.01076e-07
811 1.97878e-07
813 9.38662e-08
815 6.53202e-08
817 2.62474e-06
819 6.1957e-07
821 5.02476e-09
823 9.18423e-07
825 1.29406e-06
827 9.24896e-09
829 1.19419e-06
831 5.1606e-07
833 8.59758e-08
835 7.57732e-08
837 6.10074e-07
839 2.32391e-06
841 3.78731e-09
843 1.07292e-06
845 1.38458e-06
847 1.50874e-06
849 2.61324e-08
851 1.29198e-07
853 1.61653e-07
855 3.68911e-07
857 4.80934e-08
859 2.29945e-07
861 1.11367e-06
863 4.45873e-07
865 4.14067e-08
867 3.22441e-07
869 4.58091e-08
871 1.821e-08
873 1.80534e-08
875 2.36461e-06
877 2.56162e-06
879 3.46583e-07
881 9.07163e-08
883 2.3689e-08
885 8.16574e-08
887 1.51252e-06
889 2.34682e-06
891 6.53222e-08
893 1.53033e-06
895 1.1145e-07
897 6.08852e-08
899 1.40283e-07
901 1.24382e-08
903 2.85446e-06
905 6.82469e-07
907 6.39252e-07
909 7.47263e-08
911 7.03054e-07
913 8.33897e-07
915 9.17754e-07
917 2.77534e-07
919 3.22549e-07
921 8.28178e-08
923 1.09051e-06
925 2.71438e-06
927 5.53364e-07
929 2.07727e-07
931 1.66402e-06
933 1.11616e-06
935 6.12209e-07
937 1.34568e-08
939 9.69034e-07
941 1.19102e-06
943 8.34852e-08
945 8.55227e-08
947 3.22524e-08
949 2.48325e-08
951 5.06707e-07
953 4.34768e-07
955 3.34177e-06
957 4.71179e-07
959 9.87655e-08
961 3.43498e-07
963 1.09332e-06
965 3.30415e-06
967 2.46124e-06
969 1.41798e-06
971 3.62061e-06
973 3.2404e-07
975 2.39332e-08
977 2.41185e-07
979 2.03718e-06
981 3.15432e-08
983 7.97967e-08
985 1.88457e-06
987 5.37332e-07
989 2.34013e-08
991 6.05877e-08
993 1.36773e-06
995 1.79408e-07
997 5.57244e-07
999 7.0083e-07
1001 6.56699e-07
1003 4.899e-08
1005 1.85546e-06
1007 2.78632e-08
1009 1.36103e-08
1011 2.73938e-06
1013 5.90962e-08
1015 6.39392e-08
1017 8.96435e-08
1019 1.37968e-06
1021 7.09916e-08
1023 1.04335e-06
1025 1.69077e-07
1027 6.97622e-07
1029 1.92789e-06
1031 5.58121e-07
1033 2.11666e-06
1035 3.66019e-06
1037 4.0181e-07
1039 1.90428e-06
1041 7.59189e-07
1043 2.58569e-06
1045 8.68912e-07
1047 7.90365e-07
1049 5.86022e-07
1051 8.66535e-08
1053 6.37291e-08
1055 2.72882e-08
1057 1.61523e-06
1059 2.79009e-07
1061 4.34944e-07
1063 1.08219e-06
1065 5.27479e-08
1067 1.26146e-06
1069 1.52926e-07
1071 2.51921e-06
1073 1.36595e-06
1075 1.46439e-08
1077 3.07536e-08
1079 3.28175e-06
1081 1.62793e-06
1083 8.82999e-07
1085 7.87903e-07
1087 1.78307e-08
1089 1.18516e-08
1091 2.18002e-06
1093 1.36976e-06
1095 1.94325e-06
1097 2.6102e-06
1099 7.10925e-07
1101 1.83094e-06
1103 7.12452e-07
1105 4.30426e-09
1107 6.29299e-07
1109 2.76501e-07
1111 2.55836e-06
1113 1.9258e-07
1115 2.20331e-08
1117 8.44396e-07
1119 1.3263e-06
1121 9.92338e-07
1123 2.00139e-06
1125 7.33935e-07
1127 1.25634e-06
1129 3.93793e-07
1131 3.2802e-07
1133 8.25204e-07
1135 6.4646e-07
1137 3.88522e-07
1139 7.49382e-07
1141 4.08998e-07
1143 1.10459e-06
1145 1.41864e-07
1147 9.38666e-08
1149 1.29427e-06
1151 6.62856e-07
1153 2.18894e-08
1155 4.29636e-08
1157 1.8082e-07
1159 1.88904e-06
1161 2.42185e-06
1163 9.2419e-09
1165 4.45731e-07
1167 1.63454e-06
1169 1.19123e-06
1171 3.25993e-06
1173 7.93191e-08
1175 1.2861e-07
1177 1.06116e-08
1179 3.42356e-08
1181 8.23541e-07
1183 7.45669e-07
1185 6.41351e-07
1187 3.76171e-07
1189 3.31671e-08
1191 3.06271e-06
1193 2.85912e-06
1195 6.03222e-08
1197 1.66504e-07
1199 1.02891e-08
1201 6.26333e-09
1203 1.30437e-06
1205 2.10899e-07
1207 1.93638e-06
1209 2.24056e-06
1211 9.55934e-07
1213 1.47807e-07
1215 1.01926e-06
1217 7.52407e-07
1219 4.84325e-06
1221 3.03486e-06
1223 6.28046e-08
1225 9.22039e-07
1227 1.99696e-08
1229 9.50852e-07
1231 7.08578e-07
1233 8.53632e-09
1235 9.64798e-07
1237 3.23388e-08
1239 1.71114e-06
1241 2.46872e-08
1243 3.03664e-07
1245 2.98699e-07
1247 7.95007e-07
1249 1.71744e-06
1251 3.76412e-07
1253 3.48265e-07
1255 7.78406e-07
1257 3.1895e-07
1259 1.00914e-06
1261 4.54784e-07
1263 3.84127e-06
1265 2.88803e-08
1267 8.60198e-07
1269 7.90531e-07
1271 1.31906e-08
1273 2.56179e-06
1275 2.625e-07
1277 2.49928e-07
1279 7.06753e-07
1281 1.46042e-06
1283 5.07036e-07
1285 2.20336e-07
1287 8.50122e-08
1289 1.68399e-06
1291 1.45313e-07
1293 1.21946e-07
1295 2.30808e-06
1297 1.86262e-06
1299 1.16105e-06
1301 1.26316e-06
1303 8.31066e-08
1305 9.37571e-07
1307 4.33809e-07
1309 1.22478e-06
1311 1.17223e-06
1313 8.12089e-07
1315 2.02542e-08
1317 3.61054e-08
1319 2.23241e-07
1321 1.04715e-06
1323 1.11761e-06
1325 2.5661e-06
1327 1.5656e-06
1329 1.26115e-06
1331 6.27539e-09
1333 4.76948e-09
1335 1.17716e-06
1337 1.50446e-07
1339 4.39128e-07
1341 2.61102e-07
1343 2.38593e-06
1345 2.33843e-06
1347 4.81473e-08
1349 2.68591e-06
1351 1.44932e-06
1353 6.70324e-08
1355 1.87303e-06
1357 4.44094e-07
1359 3.30372e-06
1361 1.44086e-07
1363 2.12226e-08
1365 9.14044e-08
1367 4.65361e-07
1369 1.43722e-07
1371 2.34654e-08
1373 3.74428e-06
1375 8.44234e-08
1377 8.7542e-07
1379 9.62982e-07
1381 9.95704e-07
1383 4.21415e-08
1385 1.68964e-06
1387 1.92554e-06
1389 6.303e-07
1391 6.8918e-07
1393 2.78799e-08
1395 2.23412e-06
1397 2.13875e-08
1399 1.03006e-06
1401 1.37027e-06
1403 2.72029e-06
1405 3.07275e-07
1407 1.66497e-06
1409 6.28421e-07
1411 1.21342e-06
1413 5.2264e-07
1415 4.799e-06
1417 9.64154e-07
1419 2.34588e-06
1421 1.87583e-08
1423 2.47234e-07
1425 1.90015e-07
1427 8.84134e-09
1429 1.14478e-07
1431 1.87818e-06
1433 8.14741e-07
1435 1.72893e-08
1437 1.07573e-06
1439 2.27769e-08
1441 8.69243e-07
1443 1.29969e-06
1445 8.63325e-08
1447 6.53287e-07
1449 4.93428e-08
1451 1.49189e-06
1453 1.21601e-06
1455 9.25995e-07
1457 3.85739e-07
1459 1.056e-07
1461 7.462e-07
1463 1.31114e-06
1465 1.37457e-08
1467 1.41187e-06
1469 1.6822e-06
1471 1.79894e-07
1473 4.08176e-06
1475 3.1196e-06
1477 1.49851e-07
1479 1.40437e-08
1481 2.59884e-06
1483 5.1989e-07
1485 2.31172e-08
1487 1.92409e-06
1489 4.12515e-07
1491 3.27131e-08
1493 1.95915e-07
1495 1.93495e-07
1497 2.02354e-06
1499 1.88904e-07
1501 1.68979e-06
1503 6.57851e-07
1505 2.78617e-08
1507 6.62357e-08
1509 2.77192e-07
1511 4.79132e-08
1513 1.47817e-07
1515 3.31975e-07
1517 1.71164e-06
1519 2.28154e-06
1521 4.26959e-07
1523 4.51125e-08
1525 5.2383e-07
1527 1.20155e-07
1529 8.78811e-07
1531 1.70843e-06
1533 2.67686e-06
1535 1.17529e-06
1537 2.6348e-08
1539 1.91072e-06
1541 2.37162e-06
1543 4.07143e-07
1545 2.73079e-07
1547 6.82778e-07
1549 1.59364e-06
1551 9.14612e-07
1553 1.83669e-08
1555 2.57893e-06
1557 1.15666e-06
1559 1.91156e-07
1561 1.10732e-07
1563 1.74447e-06
1565 1.21161e-07
1567 1.86373e-06
1569 1.28102e-07
1571 1.6815e-06
1573 1.04193e-06
1575 8.64968e-07
1577 4.3507e-07
1579 1.83646e-06
1581 1.35133e-06
1583 4.37314e-07
1585 1.24132e-06
1587 2.50525e-06
1589 1.11124e-06
1591 2.32467e-07
1593 7.46009e-08
1595 9.30965e-08
1597 6.22173e-08
1599 6.3069e-08
1601 6.76769e-07
1603 2.86183e-08
1605 1.7872e-06
1607 2.52995e-08
1609 2.16304e-06
1611 1.61103e-07
1613 2.34152e-08
1615 1.87151e-07
1617 3.17868e-07
1619 1.38849e-07
1621 1.94289e-06
1623 2.4753e-07
1625 9.76671e-08
1627 1.19795e-06
1629 2.363e-07
1631 1.56938e-06
1633 1.96661e-06
1635 3.05616e-08
1637 4.67726e-06
1639 6.23254e-07
1641 1.10546e-06
1643 2.01589e-07
1645 4.82162e-08
1647 2.80001e-06
1649 2.07652e-06
1651 1.29374e-06
1653 1.9731e-06
1655 6.90678e-08
1657 4.82276e-07
1659 1.39814e-07
1661 8.84757e-07
1663 1.44551e-06
1665 1.73372e-07
1667 2.03435e-07
1669 2.50387e-06
1671 1.89026e-07
1673 1.50693e-06
1675 1.15265e-06
1677 1.87154e-06
1679 7.61834e-07
1681 2.40597e-06
1683 1.57868e-06
1685 2.58604e-06
1687 3.90185e-07
1689 2.21524e-08
1691 5.15094e-07
1693 4.54647e-07
1695 1.12762e-06
1697 2.29962e-06
1699 1.37814e-06
1701 1.81482e-07
1703 1.19899e-06
1705 8.36068e-07
1707 1.61581e-06
1709 2.2845e-06
1711 6.34061e-08
1713 1.52658e-06
1715 1.81077e-06
1717 9.8833e-07
1719 2.24443e-07
1721 4.9183e-07
1723 2.8921e-06
1725 1.18052e-06
1727 7.49127e-07
1729 2.91478e-07
1731 7.17333e-07
1733 5.70278e-07
1735 7.61526e-08
1737 2.29319e-08
1739 2.05128e-06
1741 1.22987e-07
1743 5.65181e-08
1745 8.07387e-07
1747 2.8505e-06
1749 7.28661e-07
1751 4.36573e-07
1753 3.55592e-08
1755 2.78838e-06
1757 3.54944e-07
1759 3.45863e-08
1761 7.91799e-07
1763 3.62442e-08
1765 2.64904e-07
1767 1.13405e-08
1769 1.80287e-08
1771 6.75363e-07
1773 2.73252e-07
1775 1.27384e-06
1777 1.05792e-08
1779 4.20608e-06
1781 4.77057e-08
1783 1.71296e-06
1785 4.03731e-07
1787 1.07811e-06
1789 9.47626e-07
1791 9.79921e-07
1793 1.13026e-06
1795 6.71903e-07
1797 1.00306e-06
1799 2.83845e-08
1801 9.78725e-07
1803 1.30921e-07
1805 9.16959e-07
1807 6.5161e-07
1809 2.43775e-06
1811 4.88733e-08
1813 1.21127e-06
1815 5.51536e-07
1817 3.32438e-06
1819 9.37129e-07
1821 8.90855e-07
1823 3.11116e-07
1825 1.10636e-06
1827 2.58531e-08
1829 7.57226e-07
1831 3.44816e-07
1833 1.97112e-06
1835 1.39318e-08
1837 1.47569e-08
1839 7.14067e-07
1841 1.48571e-06
1843 7.17951e-07
1845 1.41455e-07
1847 8.70409e-08
1849 2.60565e-08
1851 1.49601e-07
1853 3.79049e-07
1855 6.14365e-07
1857 3.3767e-06
1859 1.17217e-06
1861 4.29815e-07
1863 1.45237e-08
1865 2.58493e-07
1867 6.1544e-07
1869 2.34787e-08
1871 2.76116e-06
1873 7.90116e-07
1875 8.94334e-07
1877 1.59155e-07
1879 4.27536e-07
1881 2.74577e-08
1883 1.71265e-06
1885 1.24272e-06
1887 9.01258e-07
1889 1.04605e-06
1891 2.9078e-08
1893 6.55368e-07
1895 4.04956e-08
1897 3.88642e-06
1899 3.14721e-07
1901 6.84226e-09
1903 3.81104e-07
1905 1.50639e-07
1907 1.29942e-08
1909 3.35335e-07
1911 7.70029e-08
1913 1.65867e-06
1915 3.04002e-07
1917 4.47303e-07
1919 7.87552e-08
1921 6.38368e-07
1923 3.01807e-07
1925 1.11042e-06
1927 1.33738e-06
1929 1.463e-06
1931 1.09144e-06
1933 1.00481e-06
1935 3.77458e-07
1937 1.81663e-07
1939 1.37381e-06
1941 5.74751e-08
1943 6.29434e-08
1945 5.8467e-08
1947 2.80848e-06
1949 1.11508e-08
1951 1.49849e-07
1953 2.59512e-07
1955 4.72769e-09
1957 3.15112e-06
1959 1.34672e-07
1961 1.37116e-06
1963 1.14019e-06
1965 1.68222e-08
1967 4.08372e-07
1969 2.86669e-08
1971 3.3731e-07
1973 4.60617e-08
1975 1.12884e-06
1977 1.16641e-06
1979 7.72089e-07
1981 3.17618e-06
1983 1.43288e-07
1985 1.72699e-06
1987 1.3845e-06
1989 9.63474e-08
1991 3.65153e-07
1993 3.66545e-07
1995 2.85215e-06
1997 1.94071e-08
1999 4.13445e-07
