0 8.15191e-08
2 2.39788e-08
4 7.44305e-07
6 1.72564e-06
8 1.03526e-06
10 8.97799e-08
12 7.18156e-09
14 4.68102e-08
16 4.25974e-07
18 8.03397e-07
20 1.58973e-06
22 1.20771e-08
24 1.08868e-06
26 9.29843e-07
28 1.04005e-06
30 2.39771e-08
32 1.10029e-06
34 3.06895e-08
36 2.32842e-06
38 2.55923e-07
40 1.06348e-06
42 1.92725e-06
44 2.62017e-06
46 1.20795e-06
48 6.7883e-07
50 5.63752e-08
52 1.65679e-06
54 6.75368e-07
56 8.49452e-07
58 6.66612e-07
60 9.3439e-08
62 1.39559e-06
64 1.33719e-06
66 3.10211e-08
68 2.87695e-08
70 6.20588e-07
72 2.7825e-06
74 2.73018e-07
76 2.14929e-06
78 3.4558e-07
80 4.18511e-07
82 9.33735e-09
84 1.41657e-08
86 1.88623e-07
88 9.16521e-07
90 1.51725e-06
92 7.60263e-07
94 9.39284e-07
96 3.71521e-06
98 1.32315e-08
100 5.36712e-07
102 2.17942e-06
104 1.64664e-07
106 4.10605e-08
108 2.26096e-08
110 1.61584e-06
112 1.72429e-08
114 2.21063e-07
116 3.06999e-08
118 3.36631e-06
120 2.09485e-07
122 1.70118e-08
124 7.3534e-08
126 5.17918e-07
128 6.48765e-07
130 6.6429e-08
132 9.14963e-07
134 2.77528e-07
136 2.05519e-06
138 5.46054e-07
140 2.7922e-08
142 2.6722e-07
144 3.89724e-08
146 3.92212e-06
148 3.18058e-06
150 1.61523e-06
152 4.63474e-07
154 4.43992e-07
156 2.09637e-07
158 1.12187e-06
160 2.10576e-06
162 3.79926e-08
164 1.42813e-08
166 7.71011e-09
168 1.52784e-07
170 5.20696e-08
172 2.33289e-06
174 2.35468e-07
176 9.16616e-07
178 1.78003e-08
180 5.80848e-07
182 4.14704e-07
184 2.98434e-06
186 2.73451e-06
188 3.27752e-07
190 7.37667e-09
192 3.9842e-07
194 2.53527e-06
196 1.58992e-06
198 5.62259e-07
200 2.41476e-06
202 2.85866e-06
204 6.58488e-07
206 1.0012e-07
208 1.19412e-06
210 8.89106e-07
212 9.03404e-08
214 1.4757e-06
216 1.29199e-07
218 1.1514e-06
220 6.58982e-07
222 2.03726e-06
224 7.56944e-08
226 9.13673e-07
228 1.05639e-07
230 1.06022e-06
232 8.29191e-07
234 1.24592e-07
236 6.92095e-07
238 1.60912e-07
240 1.40673e-06
242 8.7534e-09
244 1.14954e-07
246 1.06164e-06
248 5.20745e-07
250 9.29994e-08
252 1.36273e-06
254 1.06177e-07
256 6.37678e-07
258 2.33321e-07
260 4.75165e-08
262 4.53032e-07
264 2.12942e-07
266 3.28301e-07
268 1.01928e-07
270 6.58803e-07
272 6.75691e-07
274 1.99775e-08
276 9.45619e-08
278 2.57754e-08
280 3.84734e-06
282 1.03113e-08
284 1.26774e-06
286 2.85125e-07
288 1.86829e-06
290 6.81558e-07
292 2.15288e-07
294 1.00425e-08
296 1.65697e-07
298 1.05066e-06
300 2.08002e-07
302 7.7007e-07
304 1.10716e-06
306 2.23991e-06
308 3.2605e-08
310 2.80205e-06
312 4.64468e-07
314 2.46673e-07
316 2.93775e-07
318 2.13822e-07
320 2.61767e-06
322 1.4148e-06
324 1.25858e-07
326 1.53383e-06
328 2.19278e-06
330 7.42342e-07
332 1.10945e-06
334 1.25596e-06
336 1.96034e-06
338 3.35302e-06
340 2.59191e-06
342 9.55223e-08
344 8.87988e-07
346 5.9205e-07
348 2.46618e-06
350 2.12172e-08
352 1.45452e-06
354 2.10129e-07
356 1.05984e-06
358 2.84991e-07
360 5.66151e-09
362 3.1935e-07
364 1.81864e-07
366 2.74794e-06
368 1.17976e-07
370 5.33417e-07
372 4.92786e-07
374 5.63361e-07
376 9.53843e-08
378 1.77189e-07
380 6.42631e-09
382 2.37179e-08
384 1.30576e-06
386 6.17182e-07
388 2.83879e-06
390 3.29791e-08
392 7.47185e-07
394 2.53778e-07
396 4.31387e-08
398 3.70274e-08
400 1.87765e-06
402 4.61923e-08
404 2.18092e-06
406 3.08284e-06
408 1.95171e-08
410 2.0275e-06
412 6.61147e-07
414 1.14709e-06
416 5.63351e-07
418 1.91811e-07
420 3.76618e-07
422 6.26665e-07
424 1.89346e-07
426 1.00856e-08
428 1.1615e-06
430 7.21288e-09
432 1.61352e-08
434 1.9222e-07
436 1.98734e-08
438 1.07416e-06
440 2.49425e-07
442 5.80886e-07
444 3.07655e-07
446 1.13791e-07
448 1.09337e-07
450 4.33046e-07
452 2.3416e-08
454 6.16643e-08
456 1.35184e-06
458 4.67171e-07
460 2.54679e-06
462 1.97509e-06
464 5.16438e-07
466 8.2707e-07
468 3.75347e-07
470 2.59741e-08
472 8.64884e-07
474 2.66605e-06
476 4.70298e-07
478 1.87006e-06
480 2.70221e-06
482 2.51684e-07
484 2.44444e-08
486 2.41327e-06
488 2.45263e-07
490 5.25673e-07
492 3.89497e-08
494 1.505e-06
496 3.57889e-07
498 9.39333e-07
500 1.40782e-07
502 5.27835e-07
504 9.85064e-07
506 8.13463e-07
508 1.97879e-06
510 3.88056e-07
512 1.12522e-06
514 3.75077e-06
516 6.06432e-07
518 2.74384e-06
520 8.92546e-08
522 1.00035e-06
524 2.754e-08
526 7.27199e-07
528 6.2659e-07
530 1.6259e-06
532 6.52178e-07
534 6.5725e-07
536 2.29868e-07
538 1.79401e-06
540 2.74914e-08
542 7.27294e-07
544 2.77064e-06
546 1.6415e-06
548 1.08019e-06
550 5.74392e-07
552 1.76724e-06
554 1.68927e-07
556 2.01929e-06
558 2.07199e-07
560 6.28038e-07
562 6.02371e-07
564 1.87812e-06
566 2.60866e-06
568 8.51054e-07
570 9.08004e-08
572 2.20161e-08
574 3.60798e-06
576 8.25821e-07
578 1.48166e-07
580 3.03791e-06
582 8.94189e-07
584 5.46316e-07
586 2.31471e-07
588 6.95805e-07
590 6.25921e-08
592 3.43346e-07
594 8.61347e-09
596 1.53067e-08
598 3.1145e-08
600 1.54351e-06
602 2.32948e-06
604 4.30992e-07
606 1.23926e-07
608 1.30217e-06
610 4.1213e-06
612 2.9803e-08
614 9.45289e-08
616 1.23447e-06
618 2.34295e-08
620 2.23396e-07
622 3.20647e-06
624 1.56686e-06
626 2.78983e-06
628 3.23279e-06
630 6.45707e-07
632 3.19371e-07
634 1.51827e-06
636 9.91967e-08
638 1.8081e-07
640 3.89066e-08
642 3.25508e-06
644 2.99454e-06
646 1.56432e-07
648 3.10957e-07
650 1.31632e-06
652 5.30629e-08
654 7.79949e-07
656 1.14205e-06
658 8.77852e-08
660 2.5975e-07
662 1.28241e-06
664 3.87319e-06
666 2.40868e-06
668 1.85679e-07
670 4.98877e-07
672 1.21263e-07
674 2.32622e-06
676 3.12785e-07
678 8.8214e-07
680 8.08804e-07
682 8.41404e-08
684 5.22268e-07
686 2.40016e-08
688 2.07097e-06
690 1.316e-07
692 4.75524e-07
694 3.15604e-07
696 8.11517e-09
698 5.41178e-08
700 3.45577e-06
702 4.92916e-06
704 2.68555e-08
706 1.22581e-06
708 1.40034e-06
710 3.966e-07
712 1.61426e-07
714 2.83307e-07
716 3.30349e-07
718 5.85227e-09
720 8.99781e-07
722 3.329e-08
724 1.42801e-06
726 6.75034e-08
728 1.8469e-07
730 3.10676e-07
732 8.73901e-07
734 1.36176e-07
736 3.07476e-08
738 2.09059e-08
740 7.09182e-09
742 7.08223e-07
744 1.15909e-06
746 7.94771e-07
748 7.60243e-08
750 7.73378e-08
752 1.10692e-06
754 4.66373e-07
756 3.46201e-07
758 1.19309e-06
760 9.65842e-07
762 1.09529e-07
764 1.00499e-07
766 1.05682e-06
768 8.12268e-08
770 6.92474e-07
772 9.71975e-08
774 1.52504e-07
776 1.34421e-06
778 1.00519e-06
780 8.90121e-08
782 1.31031e-06
784 5.69216e-07
786 1.38895e-06
788 1.67547e-06
790 6.58896e-07
792 4.11789e-07
794 6.75265e-07
796 4.37121e-07
798 1.91238e-07
800 3.37789e-08
802 3.838e-06
804 5.31485e-08
806 9.12388e-07
808 6.85507e-07
810 8.56607e-08
812 1.05497e-06
814 4.54808e-07
816 2.51872e-06
818 5.68794e-07
820 2.70258e-07
822 2.69086e-06
824 6.28685e-07
826 5.71926e-07
828 3.90049e-06
830 5.27169e-08
832 5.32652e-07
834 3.03295e-07
836 1.57583e-06
838 6.60548e-07
840 1.31593e-06
842 3.4645e-08
844 2.58821e-06
846 2.30856e-06
848 1.1734e-07
850 5.83258e-07
852 1.14038e-06
854 3.31071e-08
856 2.69065e-07
858 1.70934e-06
860 8.84836e-07
862 5.89618e-07
864 2.67756e-06
866 6.35944e-07
868 2.65746e-06
870 2.43593e-07
872 6.77914e-07
874 5.9754e-09
876 2.68609e-06
878 1.60568e-06
880 4.19229e-08
882 4.92651e-08
884 1.20666e-06
886 1.0749e-06
888 1.90129e-07
890 1.5602e-06
892 1.6267e-06
894 3.59159e-08
896 6.31138e-07
898 1.39407e-06
900 2.81176e-07
902 9.14519e-07
904 1.24345e-08
906 1.81557e-07
908 2.90587e-06
910 1.91373e-08
912 1.48183e-08
914 5.91079e-07
916 1.68868e-06
918 1.437e-08
920 1.58887e-06
922 1.16207e-06
924 2.97964e-06
926 2.48867e-07
928 2.40647e-07
930 2.4023e-07
932 5.3902e-07
934 1.02452e-08
936 1.46198e-08
938 1.10793e-06
940 1.3362e-06
942 2.58424e-07
944 6.05928e-07
946 2.78553e-08
948 1.56393e-06
950 4.53573e-08
952 7.3353e-07
954 4.98279e-06
956 2.83846e-08
958 7.72804e-08
960 2.17598e-06
962 6.87604e-07
964 1.26764e-08
966 3.15437e-06
968 1.68838e-07
970 1.33489e-07
972 1.5853e-07
974 4.02286e-08
976 3.59537e-07
978 3.10221e-07
980 3.08471e-08
982 1.2621e-06
984 5.37439e-07
986 2.68275e-06
988 1.61541e-08
990 5.67385e-08
992 2.26837e-07
994 3.01467e-07
996 2.67342e-08
998 1.64986e-06
1000 1.76776e-06
1002 9.31721e-07
1004 2.4677e-06
1006 3.56089e-08
1008 1.54416e-06
1010 1.98287e-06
1012 2.31432e-07
1014 6.14414e-08
1016 4.94724e-07
1018 3.17752e-06
1020 6.07161e-07
1022 4.38635e-06
1024 4.75791e-08
1026 1.02022e-06
1028 1.08557e-06
1030 2.65844e-06
1032 1.85273e-06
1034 7.37529e-07
1036 1.37273e-07
1038 1.93391e-07
1040 9.81271e-08
1042 1.16691e-06
1044 1.31453e-06
1046 8.79171e-08
1048 3.8172e-08
1050 1.9827e-06
1052 1.34658e-06
1054 6.3764e-08
1056 2.0405e-06
1058 1.37169e-07
1060 2.26948e-08
1062 1.87393e-07
1064 2.33305e-08
1066 1.91088e-07
1068 4.65896e-07
1070 1.22424e-06
1072 4.53264e-07
1074 2.09499e-06
1076 7.0737e-07
1078 9.06777e-07
1080 1.9676e-08
1082 6.74293e-07
1084 2.15594e-07
1086 1.86708e-08
1088 6.09623e-08
1090 1.07131e-06
1092 1.64389e-08
1094 1.60712e-06
1096 1.34898e-06
1098 2.64592e-08
1100 1.14728e-07
1102 3.7195e-07
1104 2.20009e-07
1106 1.04497e-06
1108 1.71371e-06
1110 3.92475e-07
1112 1.17827e-06
1114 3.72217e-07
1116 2.03526e-06
1118 3.80224e-08
1120 5.36124e-08
1122 4.77814e-08
1124 6.06348e-09
1126 1.8977e-07
1128 1.32902e-07
1130 3.58072e-08
1132 2.03815e-06
1134 1.32778e-06
1136 8.24091e-07
1138 1.67557e-06
1140 7.32309e-08
1142 7.7206e-07
1144 4.37955e-07
1146 2.61289e-07
1148 9.50528e-07
1150 3.04071e-06
1152 1.90004e-06
1154 4.08858e-08
1156 7.75327e-07
1158 3.96755e-07
1160 3.63294e-08
1162 3.6318e-08
1164 7.74093e-07
1166 5.35571e-07
1168 2.27479e-06
1170 3.31808e-08
1172 5.49211e-08
1174 2.50159e-07
1176 3.23049e-08
1178 4.75163e-07
1180 8.31942e-08
1182 1.27143e-06
1184 1.16009e-07
1186 8.20016e-07
1188 3.22462e-06
1190 2.57534e-07
1192 6.74813e-07
1194 2.24906e-06
1196 2.07847e-08
1198 1.35348e-07
1200 1.95018e-06
1202 2.88606e-07
1204 2.70521e-08
1206 8.99044e-07
1208 4.71616e-08
1210 1.20754e-06
1212 1.17776e-06
1214 2.8073e-07
1216 2.56443e-07
1218 6.81613e-07
1220 2.34901e-06
1222 3.47223e-06
1224 2.16027e-06
1226 1.03396e-06
1228 8.80831e-07
1230 2.46903e-08
1232 1.27463e-06
1234 1.13223e-06
1236 1.06624e-06
1238 1.35737e-06
1240 2.67114e-06
1242 2.86573e-07
1244 1.81044e-06
1246 9.86543e-07
1248 4.69467e-07
1250 2.57169e-08
1252 6.60101e-07
1254 1.32582e-06
1256 2.2262e-06
1258 5.04831e-07
1260 2.17929e-06
1262 1.26046e-06
1264 9.95829e-07
1266 8.72553e-07
1268 1.2351e-07
1270 8.93054e-09
1272 9.17802e-07
1274 9.06135e-08
1276 6.76977e-09
1278 5.54298e-07
1280 3.77443e-06
1282 1.47122e-06
1284 4.60635e-07
1286 1.51406e-07
1288 3.33364e-08
1290 2.44717e-06
1292 2.20326e-06
1294 4.1573e-07
1296 3.65212e-08
1298 7.86759e-07
1300 1.22107e-06
1302 1.5798e-08
1304 4.86409e-07
1306 1.67203e-07
1308 5.0581e-07
1310 3.03657e-08
1312 4.39227e-08
1314 1.76762e-07
1316 1.39993e-07
1318 4.50154e-09
1320 2.70739e-06
1322 5.3419e-07
1324 1.68634e-06
1326 1.3309e-06
1328 4.79988e-06
1330 3.4378e-08
1332 3.61254e-06
1334 1.1633e-06
1336 1.47325e-06
1338 4.1099e-07
1340 3.15626e-07
1342 1.09585e-07
1344 5.24203e-07
1346 1.71442e-07
1348 7.37087e-07
1350 1.1699e-06
1352 1.10981e-06
1354 4.62536e-07
1356 2.31419e-07
1358 2.19617e-08
1360 2.04359e-08
1362 2.46915e-06
1364 2.72735e-08
1366 1.36997e-08
1368 1.56376e-06
1370 6.2393e-07
1372 1.06355e-08
1374 1.81253e-06
1376 3.71579e-06
1378 3.19932e-06
1380 4.02138e-06
1382 1.55765e-07
1384 5.4619e-07
1386 1.56218e-08
1388 5.503e-07
1390 2.61569e-07
1392 2.91249e-07
1394 4.39521e-09
1396 1.12214e-06
1398 2.40797e-06
1400 1.163e-07
1402 2.70861e-06
1404 2.14547e-08
1406 6.35817e-07
1408 8.75911e-07
1410 1.25104e-07
1412 2.99266e-06
1414 2.66235e-07
1416 4.62527e-07
1418 4.25925e-08
1420 4.89544e-07
1422 9.56502e-07
1424 1.61451e-08
1426 2.72474e-07
1428 1.0014e-06
1430 2.97274e-06
1432 5.4848e-08
1434 6.41193e-08
1436 2.89356e-06
1438 1.29084e-08
1440 2.58202e-06
1442 1.19361e-08
1444 3.55777e-07
1446 2.06456e-06
1448 8.21228e-07
1450 5.05712e-06
1452 1.66257e-06
1454 2.54044e-08
1456 4.12128e-07
1458 1.35534e-06
1460 1.49576e-07
1462 1.57824e-06
1464 1.45589e-06
1466 1.39084e-08
1468 1.16627e-07
1470 4.6419e-07
1472 3.6813e-07
1474 3.19082e-07
1476 9.02983e-08
1478 1.41903e-07
1480 3.62573e-07
1482 4.79315e-07
1484 7.39461e-07
1486 6.00706e-07
1488 1.15464e-06
1490 8.52186e-07
1492 7.72142e-07
1494 1.15423e-07
1496 3.76863e-07
1498 1.13424e-06
1500 7.07827e-08
1502 6.33249e-08
1504 1.14614e-06
1506 2.23574e-06
1508 5.87238e-07
1510 3.39755e-08
1512 2.29457e-06
1514 3.47448e-06
1516 4.6947e-07
1518 1.22352e-06
1520 1.37225e-07
1522 1.39227e-06
1524 1.71891e-07
1526 2.53392e-08
1528 1.60316e-06
1530 3.34653e-07
1532 1.03329e-07
1534 8.33201e-07
1536 2.80332e-07
1538 3.52661e-07
1540 8.77517e-07
1542 7.33997e-07
1544 7.70569e-07
1546 4.53404e-08
1548 1.35408e-06
1550 2.06467e-07
1552 1.19179e-06
1554 2.13926e-07
1556 2.51142e-07
1558 2.17854e-08
1560 4.72991e-07
1562 4.19605e-07
1564 1.4084e-07
1566 4.15357e-08
1568 7.34818e-07
1570 2.79674e-08
1572 2.39585e-07
1574 2.59742e-07
1576 3.31949e-06
1578 1.53625e-07
1580 1.26993e-06
1582 2.32789e-06
1584 6.33814e-08
1586 2.46664e-06
1588 2.54055e-06
1590 5.71823e-08
1592 4.73939e-08
1594 5.54576e-07
1596 5.76297e-07
1598 3.25285e-07
1600 1.21546e-06
1602 2.00049e-08
1604 3.70963e-06
1606 4.98043e-07
1608 2.53667e-06
1610 6.95247e-07
1612 3.63349e-07
1614 7.53788e-07
1616 3.92546e-06
1618 1.35554e-08
1620 6.3462e-07
1622 2.63345e-06
1624 7.26348e-08
1626 7.12287e-07
1628 2.9966e-06
1630 1.50639e-06
1632 6.19829e-08
1634 8.17198e-08
1636 1.61169e-06
1638 1.83389e-08
1640 1.01071e-06
1642 3.1582e-06
1644 1.65804e-07
1646 1.9723e-08
1648 1.50269e-07
1650 8.25364e-07
1652 2.67141e-06
1654 4.4885e-07
1656 6.83681e-07
1658 6.4869e-08
1660 2.21762e-08
1662 1.46171e-08
1664 1.10888e-06
1666 5.52851e-08
1668 1.0654e-06
1670 4.8019e-07
1672 1.56022e-08
1674 3.70152e-07
1676 1.98881e-07
1678 6.81046e-07
1680 3.32893e-07
1682 4.79782e-07
1684 3.64346e-06
1686 2.22802e-07
1688 3.20218e-08
1690 1.74524e-06
1692 4.69436e-08
1694 3.47283e-08
1696 1.2682e-06
1698 1.00124e-06
1700 1.84378e-07
1702 9.37564e-07
1704 1.51987e-06
1706 4.25841e-06
1708 1.15865e-06
1710 2.53496e-07
1712 3.27744e-07
1714 2.21966e-06
1716 5.04714e-08
1718 3.73461e-06
1720 1.87968e-06
1722 2.88236e-07
1724 1.40849e-08
1726 1.16177e-07
1728 4.73193e-07
1730 1.36892e-06
1732 1.73086e-08
1734 1.47742e-08
1736 5.81824e-07
1738 3.8133e-08
1740 2.19903e-06
1742 2.44787e-06
1744 4.26845e-08
1746 6.62836e-07
1748 1.1358e-06
1750 3.13114e-07
1752 1.79987e-07
1754 3.63889e-06
1756 1.29656e-06
1758 3.72086e-08
1760 9.28872e-07
1762 8.62491e-07
1764 1.90787e-06
1766 9.60766e-07
1768 5.54296e-07
1770 8.39733e-07
1772 6.59874e-07
1774 9.11952e-07
1776 3.88623e-07
1778 7.36916e-07
1780 1.34266e-06
1782 3.06541e-07
1784 5.35318e-07
1786 1.52379e-06
1788 3.74279e-07
1790 7.07905e-07
1792 9.97622e-07
1794 1.3251e-08
1796 2.82789e-07
1798 5.79393e-07
1800 8.33071e-07
1802 1.90286e-06
1804 5.18138e-07
1806 2.4332e-06
1808 1.83798e-06
1810 6.71326e-07
1812 5.37291e-07
1814 6.64565e-08
1816 3.22106e-08
1818 1.6346e-06
1820 1.30017e-06
1822 2.8658e-07
1824 9.79747e-08
1826 4.97616e-08
1828 1.06697e-06
1830 9.83483e-07
1832 3.80454e-07
1834 1.96437e-06
1836 9.35065e-07
1838 4.08813e-08
1840 1.21404e-07
1842 8.18722e-07
1844 1.32972e-06
1846 9.38224e-07
1848 3.00945e-06
1850 1.07995e-06
1852 7.87511e-08
1854 3.24161e-08
1856 6.94551e-07
1858 1.25681e-06
1860 9.80433e-07
1862 1.0478e-06
1864 1.29005e-06
1866 2.66075e-07
1868 3.07562e-08
1870 3.53643e-06
1872 2.42076e-06
1874 9.04747e-07
1876 7.58624e-08
1878 4.68872e-07
1880 1.68728e-06
1882 2.39746e-06
1884 3.24733e-07
1886 7.55623e-07
1888 3.91675e-06
1890 2.46745e-07
1892 2.12736e-06
1894 1.34753e-07
1896 2.62653e-07
1898 1.11889e-06
1900 3.24023e-08
1902 5.71223e-07
1904 9.73569e-07
1906 7.58913e-07
1908 1.12269e-06
1910 3.65365e-06
1912 4.01385e-07
1914 5.87724e-07
1916 2.62505e-06
1918 2.02594e-06
1920 1.14323e-07
1922 1.40066e-06
1924 1.8367e-07
1926 3.95777e-06
1928 5.59985e-08
1930 1.48616e-06
1932 5.42134e-07
1934 3.00619e-08
1936 2.35725e-06
1938 1.79249e-06
1940 3.98404e-07
1942 7.73233e-07
1944 2.53744e-08
1946 1.5124e-06
1948 2.32439e-07
1950 4.65271e-07
1952 2.54479e-07
1954 1.25282e-06
1956 3.52779e-07
1958 2.74203e-07
1960 1.98424e-07
1962 2.26602e-08
1964 3.32306e-06
1966 2.55509e-08
1968 1.49458e-06
1970 3.59316e-07
1972 5.86482e-07
1974 3.83438e-08
1976 3.28071e-07
1978 1.37929e-06
1980 2.5575e-06
1982 1.43269e-07
1984 9.06198e-08
1986 1.43501e-06
1988 2.45523e-06
1990 6.64383e-08
1992 3.41867e-07
1994 3.27283e-06
1996 1.36013e-06
1998 2.35921e-06
